0.00956195602963561
0.1357163696626973
0.22119406830567456
999.9936212040501
997.390119447282
997.8431844755843
999.421564768956
993.5421650395413
253.2367893213616
94.24741625619937
986.1605027120726
924.7686270318115
52.995536114551214
973.5749426237167
915.3433806875502
885.8231320306288
613.8588682490683
911.7056472913063
942.6653809387619
188.59833895264788
115.25988557258937
751.661709510721
31.22031889992749
294.53641320546984
165.10583031148218
490.98221591474976
142.04933781664874
12.723484689837194
690.7659817993937
11.000438091336662
712.3191740434628
429.37723563608307
217.6972942734712
178.76470782328525
480.5824420115876
290.63047937681154
790.6544252220683
896.2868923556854
166.5492910794948
339.6547513075212
834.3479635654339
217.92400409820124
1.6328400140002142
987.77502992806
910.6552327752736
705.7091049798814
243.78795578398004
753.7743768357803
220.82441666335095
821.0495789455601
346.82758589023956
641.6293741670822
453.5880046451487
87.55786412413036
146.56700801656353
98.96143116760724
357.3217693028741
441.34231716759234
974.7100418495422
900.0839150579267
624.3254770030696
188.54628886258095
474.1172651696356
213.0069551361792
133.49142013234916
840.4225977361605
581.9610656530939
829.3238338208746
34.613340573136256
158.26584866279524
18.19078356698767
319.4932150602807
975.3433202656423
353.98722524813087
964.9755879044911
133.3595646525928
793.3817606702644
122.97979686765458
247.7763028226816
264.1450413743048
625.1190174167608
568.4047968704845
586.1120335249602
194.7235320974501
695.2090270729046
858.479999128274
305.2658236448832
533.1264207121953
902.072884497975
692.541456303895
879.2303492018933
303.83169377130247
227.13158624283915
638.5912557488414
881.6794144654295
490.1184747281565
917.3119234247129
194.89873785176238
577.8029500686952
541.8007779656165
32.943430578385666
873.0349329638332
648.5521783864393
254.51207498483242
786.0202311658443
1.8554373631746168
795.3469480599778
949.9138655897052
701.5944387105003
342.0312338416005
107.3839756912609
242.85153779989477
143.08962660111357
866.4492443849193
650.2720067696347
742.672203866464
869.7490668406095
741.38658891488
896.0759184205945
649.8841582639926
278.59959455429305
91.22639973201696
687.6633275573761
284.75858928178155
932.809483666436
602.0727755735016
320.9301092190303
301.5881364574231
50.0337257981609
856.5748711754111
504.9705635691042
77.11422644833488
62.70904962153634
922.776144769607
922.3226149069812
894.5632495782266
508.81110517197567
491.83539955114986
494.83758582016833
138.4263847816375
696.9790298310111
157.79369512764595
245.0076684161716
257.2302473061657
642.2254138744387
611.8576570812202
969.6078782159367
404.3595480601192
447.3062625906723
439.9227323603309
360.60349809778825
927.5904828837123
987.7010072035691
590.8225766999019
201.86646181068525
822.7920312983433
264.5416193008373
942.0296980536868
538.16770865019
963.6535397763404
887.8233839391808
500.8765256302047
283.3499701980807
36.349662603047726
40.966625146167445
979.9368213233613
699.2793983073296
234.92759858220546
0.722634794845689
21.94862126374253
405.8830195330877
690.8762062303713
537.6916532820209
668.6814524991945
467.50221129692636
577.0039829011764
38.67248273729806
577.7626134566524
992.2641264910402
206.1852552678486
875.3847800384818
509.4213918300191
384.7682897240814
629.5846880580375
483.8156784286639
46.71287499787691
719.8691947237237
361.9290196374075
394.26234461702325
197.7263517283556
84.76966245207795
212.1025171514468
295.9775690244953
491.3857787511967
542.2309850903199
725.6219853202454
673.8100895007868
61.77383510346812
791.6185578488063
308.29273415433613
288.7982518366702
867.5543454910293
867.3360333725968
991.0206227573103
340.027546648734
479.75137457208206
507.36935692180754
37.10495396837887
837.4456126812318
71.3380004091132
345.16936477491123
746.6566695058932
313.96119476590314
598.5339126526413
4.859224983646104
622.3571254863182
510.0363949137573
676.4052412566402
512.76170316562
75.11394005029581
320.3066515122582
177.49772349605442
582.0713916188391
647.6047190729302
549.8994659124311
236.41685403427948
346.34626305434745
898.7928627997069
833.926651312894
117.87721390688021
225.2439751613804
255.89911832299072
491.6191014019464
126.90045394650195
181.01312065762477
55.6758796993041
460.55438064884737
725.985382234802
538.0804886393815
822.2894715354189
290.98344833811086
353.37144691640054
92.62228189528776
211.8792717370821
833.0866200080156
897.8009933646492
791.72765276324
921.0649960580724
531.8375028302362
963.7526736682919
517.8066307104499
678.9218248914616
595.0541516542299
240.97238928620646
613.9155371755213
44.44337566298873
725.5893122708441
112.70074567485999
984.5144578335577
964.3713096270948
552.7291102464656
913.6054386360447
82.77181117991871
16.943061732103914
588.527054739287
896.9872530384088
362.07513124865034
179.50157263091893
356.02521377043774
46.39794401448527
149.96558207915544
683.4580358330251
837.5193189703945
16.256726259680555
550.0741295935882
274.3549725762298
97.13977894649261
67.71283111045412
7.924586099514408
122.29181167165726
822.1351986261916
198.9634712725028
112.53783019485108
812.1767185041541
832.0643102697055
478.37488073402136
385.766309446499
56.437319662668074
137.85014795914353
365.1453873016838
65.23674535130708
939.6190101853726
913.1065874308231
785.4949392637415
359.990639215387
699.1053012784055
388.85459086598394
849.508918033356
623.2353687313781
293.27295913645344
95.08478315087254
434.0929895815617
584.619553199646
119.24273319261714
477.4461959716553
68.36493878120098
363.7808545263137
592.3180203516847
628.5301243358932
581.94715967183
701.7305234790718
844.858744996991
589.4320010228054
872.6048350459494
235.3982052877174
634.3321383894098
907.1346198207262
250.87156554158173
165.90078763656314
341.67813316309093
317.3750352926219
321.9670425237289
906.1807760558373
638.5568403948986
349.5005988639521
829.0738698788879
415.6709506717484
979.5912629239426
212.96376413259998
178.5514682292767
959.065059403814
479.4878752408379
51.40953632296641
708.3056616503369
698.0283742082333
87.76418829368626
475.753905680103
875.0647406289162
943.7799215611366
70.02120226830877
781.3052849804013
710.3310478847104
885.9775389120157
347.02065684144367
355.6121912863647
918.0704089279131
555.5962045293985
918.4356803308609
964.8671170046782
717.7885291600439
38.10783308881416
673.79122045906
599.9457391742476
934.1641811995745
242.41677125108563
734.3202633092494
48.69719822279384
474.9626808300285
8.186271345526631
296.4438553621367
559.6830063791261
341.5965404621333
677.5544094660459
923.6987472658028
340.41506263716815
946.1715585244381
836.1017815938368
767.423487026168
851.180921784092
64.1987327299398
542.3603028598937
189.06688328907984
962.8859541938268
781.5646532501291
441.3582169047172
295.3527668873329
608.5953292735794
791.0854969242413
518.5280252189618
40.14561133049743
693.0685866555765
239.72499732767406
373.03579887304215
584.8201958810723
915.224675211824
535.5644166864473
230.41140227878708
895.0708258812587
702.4207089456619
137.87067781560404
911.4287585626055
744.478995837082
155.62235790096258
374.1161757810516
627.5061754820973
393.7907052681214
760.9901307126014
754.5619891619107
782.4666348077933
219.7377334333712
636.1001029111925
88.02383401368164
926.3186744627316
478.3699291597072
247.9634182650594
941.6980141687892
628.7882882266828
205.24830395457406
865.2046193745716
633.4322084127256
318.6531143234743
978.481743303257
488.2031179168369
996.584122213069
69.50017437038281
900.4725486614452
638.6985302556359
615.6186269622145
903.3486159604332
690.3694004811492
184.30520197237766
94.85148995988246
430.6498420134434
221.6086789956363
323.57691606400965
193.2565345151782
548.496917301425
187.558003762312
963.7077508550653
335.00981313705034
478.4460137456321
833.1588931853945
985.6509195076021
88.45283819554406
641.1727007254462
851.5980202675242
310.38206741980844
695.414724389668
737.2565203437099
612.4192765198931
255.22932586847068
628.3405240718615
931.707005341796
861.1220205149584
400.63761693179765
454.43103362830703
224.41531942363568
910.173363407254
75.42964855633105
994.0076633789178
929.5355376372146
127.49536767257874
612.5720707093208
874.572717294448
683.8698773024092
220.8705791438429
727.6497910839878
102.54419850949958
557.6529675677965
415.34261294942155
728.6974073282636
201.4016446744904
650.7000179101157
125.57069364073814
778.731613753989
797.987425886687
22.704315798886544
136.23049281572662
101.27377406927718
277.9654982993768
928.5397933528608
620.9358105087559
844.3476625652936
276.94788631390145
107.7447948411967
553.7890384147853
299.8818762407227
325.5566604943403
311.9331893945169
197.55077787877573
313.1423662775128
924.6966469683206
344.6995301613202
388.55178971402285
10.765693915923524
691.5731713163242
635.6554067224848
